10 1 17 50 10 
10 5 17 50 10 
10 10 17 50 10 
10 8 17 50 10 
10 1 17 50 10 
10 1 17 50 10 
10 10 17 50 10 
10 6 17 50 10 
10 5 17 50 10 
10 10 17 50 10 
10 8 17 50 10 
10 6 17 50 10 
10 10 17 50 10 
10 9 17 50 10 
10 1 20 50 10 
10 6 17 50 10 
10 5 20 50 10 
10 7 17 50 10 
10 7 17 50 10 
10 5 20 50 10 
10 5 17 50 10 
10 8 17 50 10 
10 2 17 50 10 
10 8 17 50 10 
10 9 17 50 10 
10 5 17 50 10 
10 4 20 50 10 
10 1 17 50 10 
10 8 17 50 10 
10 8 17 50 10 
10 9 17 50 10 
10 1 17 50 10 
10 6 17 50 10 
10 8 17 50 10 
10 9 17 50 10 
10 10 17 50 10 
10 1 17 50 10 
10 4 20 50 10 
10 9 17 50 10 
10 1 17 50 10 
10 2 17 50 10 
10 2 17 50 10 
10 1 17 50 10 
10 8 17 50 10 
10 8 17 50 10 
10 7 17 50 10 
10 1 17 50 10 
10 10 17 50 10 
10 8 17 50 10 
10 5 17 50 10 
10 8 17 50 10 
10 9 17 50 10 
10 7 17 50 10 
10 8 17 50 10 
10 1 17 50 10 
10 10 17 50 10 
10 4 20 50 10 
10 5 17 50 10 
10 8 17 50 10 
10 5 17 50 10 
10 8 17 50 10 
10 10 17 50 10 
10 7 17 50 10 
10 7 17 50 10 
10 9 17 50 10 
10 9 17 50 10 
10 6 17 50 10 
10 9 17 50 10 
10 5 20 50 10 
10 7 20 50 10 
10 1 17 50 10 
10 10 17 50 10 
10 10 17 50 10 
10 2 17 50 10 
10 3 20 50 10 
10 3 17 50 10 
10 2 17 50 10 
10 8 17 50 10 
10 5 20 50 10 
10 1 17 50 10 
10 1 17 50 10 
10 2 17 50 10 
10 7 17 50 10 
10 8 17 50 10 
10 5 17 50 10 
10 8 17 50 10 
10 4 20 50 10 
10 10 20 50 10 
10 8 20 50 10 
10 8 17 50 10 
10 2 17 50 10 
10 2 17 50 10 
10 10 17 50 10 
10 6 17 50 10 
10 9 17 50 10 
10 6 17 50 10 
10 5 17 50 10 
10 6 17 50 10 
10 2 17 50 10 
10 3 17 50 10 
10 7 17 50 10 
10 8 17 50 10 
10 6 17 50 10 
10 9 17 50 10 
10 7 17 50 10 
10 7 17 50 10 
10 2 17 50 10 
10 7 20 50 10 
10 6 17 50 10 
10 2 17 50 10 
10 1 17 50 10 
10 8 17 50 10 
10 6 17 50 10 
10 1 17 50 10 
10 7 17 50 10 
10 3 17 50 10 
10 5 20 50 10 
10 5 17 50 10 
10 1 17 50 10 
10 1 20 50 10 
10 8 17 50 10 
10 1 17 50 10 
10 9 17 50 10 
10 8 17 50 10 
10 6 17 50 10 
10 5 17 50 10 
10 8 17 50 10 
10 10 17 50 10 
10 8 17 50 10 
10 2 17 50 10 
10 8 17 50 10 
10 7 17 50 10 
10 5 17 50 10 
10 4 20 50 10 
10 4 17 50 10 
10 1 17 50 10 
10 1 17 50 10 
10 8 17 50 10 
10 8 17 50 10 
10 10 17 50 10 
10 2 17 50 10 
10 7 20 50 10 
10 6 17 50 10 
10 5 17 50 10 
10 7 17 50 10 
10 10 17 50 10 
10 2 17 50 10 
10 10 17 50 10 
10 3 17 50 10 
10 9 17 50 10 
